,Fec.G2.D42.Chase,Fec.G2.D84.Chase,Fec.G2.D84.Lady,Fec.G2.D84.Leia,Fec.G3.D42.Chloe,Fec.G3.D07.Chloe,Fec.G2.D49.Chase,Fec.G2.D49.Nash,Fec.G3.D14.Leah,Fec.G3.D14.Chloe,Fec.G3.D14.Rex,Fec.G2.D70.Leia,Fec.G2.D84.Terra,Fec.G3.D00.Bailey,Fec.G3.D14.Ozzy,Fec.G2.D42.Terra,Fec.G3.D07.Que,Fec.G3.D07.Rex,Fec.G3.D07.Ozzy,Fec.G2.D56.Terra,Fec.G3.D07.Lexy,Fec.G2.D56.Lady,Fec.G3.D28.Ozzy,Fec.G3.D42.Lexy,Fec.G2.D70.Chase,Fec.G3.D07.Hulk,Fec.G3.D28.Lexy,Fec.G2.D49.Amos,Fec.G3.D28.Rex,Fec.G3.D00.Rex,Fec.G3.D00.Ozzy,Fec.G3.D42.Rex,Fec.G2.D49.Terra,Fec.G2.D56.Leia,Fec.G3.D28.Que,Fec.G3.D14.Bailey,Fec.G2.D70.Mingo,Fec.G3.D14.Hulk,Fec.G2.D84.Mingo,Fec.G3.D42.Leah,Fec.G2.D49.Lady,Fec.G2.D70.Nash,Fec.G2.D70.Lady,Fec.G2.D42.Lady,Fec.G2.D56.Nash,Fec.G2.D49.Leia,Fec.G3.D00.Hulk,Fec.G2.D42.Leia,Fec.G3.D42.Hulk,Fec.G2.D70.Terra,Fec.G2.D56.Amos,Fec.G3.D42.Que,Fec.G2.D56.Mingo,Fec.G3.D28.Hulk,Fec.G2.D42.Amos,Fec.G3.D28.Leah,Fec.G3.D28.Chloe,Fec.G2.D84.Alfie,Fec.G2.D49.Alfie,Fec.G2.D84.Amos,Fec.G2.D84.Nash,Fec.G2.D70.Alfie,Fec.G3.D14.Lexy,Fec.G2.D49.Mingo,Fec.G3.D14.Que,Fec.G3.D00.Lexy,Fec.G3.D00.Leah,Fec.G3.D00.Que,Fec.G3.D07.Leah,Fec.G2.D70.Amos,Fec.G2.D42.Mingo,Fec.G3.D07.Bailey,Fec.G3.D28.Bailey,Fec.G3.D42.Bailey,Fec.G2.D56.Alfie,Fec.G2.D56.Chase,Fec.G3.D00.Chloe,Fec.G3.D42.Ozzy,Fec.G2.D42.Alfie,Fec.G2.D42.Nash
Fec.G2.D42.Chase,0.0,0.659127978487,0.630464150177,0.653337819911,0.709284955537,0.651810732065,0.676687343405,0.657027428985,0.703211133555,0.649898692361,0.670614557593,0.658566353798,0.663391441991,0.71290854992,0.653220611489,0.688393587045,0.658005861618,0.676189246089,0.664718749882,0.639803897078,0.702946865284,0.656403036268,0.670889078599,0.683608994523,0.607637639074,0.723202963494,0.692841783978,0.717762446276,0.688219000503,0.684043289358,0.646460436034,0.661126933176,0.660790057089,0.65010249847,0.648989711517,0.72435573299,0.669237012806,0.695720052829,0.6746107305,0.657087044081,0.664189811489,0.68678738024,0.62597571452,0.594426546137,0.669288437526,0.643902029341,0.73312195967,0.694376796123,0.718094303387,0.646897758082,0.675464206344,0.668538322947,0.664837875362,0.698707516112,0.73626588745,0.69152754234,0.686748893393,0.70876751803,0.705393755045,0.676211381187,0.647864569017,0.710863061086,0.68071138524,0.65770409617,0.64149083071,0.718040735,0.710515504519,0.68896924405,0.713532524639,0.664907553248,0.697933118904,0.726243898515,0.65501996165,0.690965754643,0.692365006287,0.663967800686,0.664995921154,0.682976314082,0.664627320426,0.676876658076
Fec.G2.D84.Chase,0.659127978487,0.0,0.641170221727,0.673412368452,0.673236579586,0.631840250508,0.634149727706,0.648305471059,0.681385876539,0.611012191741,0.671137119823,0.648377122801,0.664615909311,0.746753536615,0.640469747185,0.694430156121,0.665208774026,0.652533646059,0.637827157118,0.644531325801,0.667429366333,0.638277063063,0.701938198696,0.67865813299,0.632112116484,0.710088928746,0.691166705154,0.668416560375,0.713953039748,0.7043874044,0.664952336582,0.697139140372,0.65637618954,0.65672136493,0.703752222666,0.732408965003,0.705361454828,0.688561053454,0.699470443533,0.690648889214,0.629816099096,0.71638896048,0.664389659139,0.662113636502,0.679508088895,0.668554279665,0.756386121944,0.736468190767,0.738097426055,0.643745762175,0.682430807104,0.694353934699,0.704554142009,0.71048314674,0.757700286741,0.695710571376,0.699929485902,0.730478690102,0.694640232675,0.704719841252,0.702256446578,0.738481962075,0.683346728035,0.712998028534,0.623949775879,0.763894337383,0.733098769834,0.708656437997,0.688218911927,0.701447826369,0.720573611787,0.70148440497,0.722539431123,0.713971638477,0.697511084671,0.65688595707,0.712970800166,0.703591226939,0.722475004394,0.710481714972
Fec.G2.D84.Lady,0.630464150177,0.641170221727,0.0,0.679080605146,0.663061084985,0.673429051367,0.730351335249,0.708263058372,0.730012811825,0.632948278349,0.67020463843,0.631918444602,0.63474515161,0.677002568282,0.694706722283,0.618568638119,0.674899667043,0.694443408356,0.70540247031,0.66994727992,0.711717988435,0.70895419574,0.640641604572,0.709883735947,0.634027080228,0.717766187191,0.69533292316,0.735301249414,0.669591012783,0.647443903653,0.629111199845,0.614777687323,0.662340806337,0.678916886982,0.641451917296,0.758084336391,0.678400331389,0.726820390724,0.680319603419,0.687341036781,0.689159248237,0.656509744116,0.641204741854,0.614283973896,0.720936675987,0.694177746201,0.679105973799,0.659639698566,0.694087145735,0.670180688118,0.72331372467,0.647302202781,0.716177548321,0.673162544751,0.703060837796,0.711366833831,0.687835636049,0.648748517243,0.756681234269,0.627155314769,0.650143400696,0.694966121586,0.716819190682,0.731769324926,0.645338480632,0.696776772071,0.701949462419,0.645566767218,0.740668185349,0.632049600336,0.670587358489,0.74501583223,0.710151547315,0.68582631195,0.720471759995,0.72315785598,0.63255872421,0.663023894632,0.633623456984,0.65915277274
Fec.G2.D84.Leia,0.653337819911,0.673412368452,0.679080605146,0.0,0.697668210092,0.648950965501,0.70703333734,0.653669862374,0.69118925474,0.664612853365,0.666402780705,0.67373910127,0.66249286498,0.667935935876,0.677223425825,0.64686986569,0.671663321303,0.655518573137,0.681659954744,0.652952964509,0.663502645405,0.662334279819,0.634709120218,0.676221985699,0.674440430297,0.703312801375,0.684787949272,0.705559175715,0.675889915348,0.650901905529,0.648855794534,0.645082914355,0.631853708432,0.68208507889,0.628839661929,0.720596807323,0.695622155236,0.67865041668,0.692315279983,0.686984524908,0.676396253723,0.631610793598,0.619825821526,0.646746423637,0.663338503992,0.664307156172,0.662156881277,0.655664322769,0.650654873319,0.66588853113,0.690608411923,0.64561969742,0.671831699862,0.710690280204,0.681246858832,0.716137575222,0.645318671444,0.684674435545,0.713141832365,0.690098173219,0.637065280572,0.695673085872,0.676979687039,0.700186118834,0.647099684526,0.674603670437,0.655632210905,0.612505466928,0.686327816592,0.682881304023,0.653357656894,0.708784795215,0.69445253884,0.703430740659,0.67023332762,0.681033381875,0.641808056593,0.641768023246,0.659136463838,0.646357056369
Fec.G3.D42.Chloe,0.709284955537,0.673236579586,0.663061084985,0.697668210092,0.0,0.687797606608,0.725286885055,0.71036190515,0.722604114117,0.638185001472,0.673910421849,0.679320310764,0.682982339425,0.711312610275,0.714215132376,0.671973902939,0.716854193976,0.710099178084,0.719293357376,0.688025427582,0.72926094011,0.707169508021,0.698733393948,0.706852023928,0.682078026352,0.757481722441,0.702797221439,0.736498593712,0.668746156369,0.699247283353,0.681579406967,0.64573381344,0.683074454025,0.702654352505,0.680188508067,0.781694938336,0.726435967316,0.736531660818,0.737216410327,0.697729278096,0.708044716879,0.697021465495,0.68144506008,0.688703244475,0.732659381039,0.728643454327,0.718491051333,0.700158637076,0.698633719013,0.726145286058,0.734296388461,0.660642212455,0.730961503149,0.713235975257,0.74218958158,0.733068312864,0.670951992263,0.700224759274,0.732862161424,0.715246316219,0.702325966943,0.716854614013,0.735349909452,0.760102733299,0.701069802541,0.748931963504,0.717485685196,0.667971373864,0.753115201049,0.714335805835,0.727850468296,0.761292282494,0.747779240879,0.726189570193,0.7395781049,0.71024427707,0.715865581252,0.712358164232,0.707714831339,0.716538238929
Fec.G3.D07.Chloe,0.651810732065,0.631840250508,0.673429051367,0.648950965501,0.687797606608,0.0,0.65910348545,0.603843479255,0.65110395412,0.5758057784,0.640213768689,0.662096099178,0.676792687439,0.724967300595,0.588813537814,0.677241561123,0.58271750657,0.579474983379,0.581041494498,0.616658126399,0.599574145868,0.594877212751,0.674828274244,0.63166849053,0.662837951573,0.653384967767,0.654110690938,0.620487838041,0.729890719279,0.719823489063,0.647638382006,0.697515880781,0.594520984376,0.630261475942,0.688271277227,0.667708292543,0.682416028093,0.620499911771,0.656063199809,0.681593869232,0.593463899364,0.690938480504,0.688457436127,0.655994634938,0.61236556294,0.627570419928,0.733851056723,0.731657816523,0.710462346298,0.613605107058,0.632209615212,0.685296867294,0.62687196791,0.705975234455,0.756235275615,0.68009475638,0.708182155644,0.717648241622,0.671004455972,0.678208910798,0.679683447945,0.727058062523,0.608282284891,0.644271519252,0.593593878816,0.726005100713,0.689727695719,0.691894154706,0.622121637026,0.69952771284,0.700089139015,0.640176493474,0.694682130071,0.71397559343,0.636639989148,0.62634217364,0.679091006743,0.693163596837,0.713176863344,0.686070173806
Fec.G2.D49.Chase,0.676687343405,0.634149727706,0.730351335249,0.70703333734,0.725286885055,0.65910348545,0.0,0.61814566821,0.654819000816,0.667635972148,0.682268485298,0.737081601392,0.730627379171,0.78737554753,0.633814971519,0.759225996415,0.669299135266,0.639877242461,0.647666295883,0.682486342116,0.666808315739,0.613742572483,0.73987368241,0.707589214282,0.68070842914,0.684254050541,0.722622917564,0.661263010659,0.743351346991,0.748428117318,0.706230467768,0.758330987892,0.680008840803,0.636573306339,0.759527499062,0.690374929311,0.747206354255,0.656714614072,0.740388842734,0.744952291054,0.577183095433,0.761312199272,0.72360708942,0.687285158798,0.619343600568,0.635638317002,0.801946317307,0.783886576715,0.78043453037,0.641577399858,0.640073514443,0.749030158063,0.675698386665,0.774715418111,0.804077098907,0.729734065849,0.744508350307,0.784587419397,0.656374137206,0.744407453216,0.744159933983,0.775437913078,0.667018903977,0.657697993924,0.665782228031,0.789464750055,0.769826621733,0.757465647816,0.698392886484,0.759703472053,0.764360296535,0.677955596455,0.717342471958,0.763918459489,0.715254990564,0.629271219735,0.736939080916,0.749149670952,0.771345398971,0.756012397146
Fec.G2.D49.Nash,0.657027428985,0.648305471059,0.708263058372,0.653669862374,0.71036190515,0.603843479255,0.61814566821,0.0,0.594125658963,0.625136962603,0.647210417542,0.704081488981,0.701134389744,0.753486977782,0.569315458717,0.727371348979,0.627810456065,0.573648384743,0.566502830153,0.618882988229,0.598764407328,0.556095034718,0.696167492576,0.655383654999,0.689897772768,0.617380843945,0.705196931521,0.608319493587,0.735746306169,0.736428597823,0.671218365729,0.72478552721,0.621116072291,0.607467831593,0.712391517378,0.603366586571,0.709495469084,0.593256545634,0.702015927629,0.711841470089,0.539793625687,0.708244811239,0.7066837517,0.656368514994,0.512400123981,0.582401884642,0.766499554323,0.76646325783,0.748281565074,0.600097194244,0.597266061538,0.712470130806,0.636022230442,0.743423048778,0.786974206166,0.716538601168,0.720455904191,0.756203001896,0.60511650336,0.715839774384,0.709821317577,0.75797239645,0.603352153944,0.625922699995,0.587224246102,0.759368867173,0.731156001229,0.70114320615,0.610825201388,0.731668077227,0.730709600154,0.610155929859,0.688862599516,0.733222063021,0.652523150399,0.57355637908,0.707148932521,0.705861302767,0.746096444989,0.702524161372
Fec.G3.D14.Leah,0.703211133555,0.681385876539,0.730012811825,0.69118925474,0.722604114117,0.65110395412,0.654819000816,0.594125658963,0.0,0.684697632541,0.68300316444,0.710377368846,0.741040789032,0.754782718253,0.618463364184,0.757434361499,0.631800476515,0.624302607712,0.61753347069,0.686368649035,0.566660259032,0.575374485028,0.745701085825,0.626715432432,0.713698625671,0.616464190807,0.658548642816,0.55796097543,0.762550801506,0.767579452682,0.714529366622,0.764183344067,0.67620203445,0.62715426194,0.758557706306,0.613489547262,0.710716397452,0.577254409977,0.695042587104,0.697430129899,0.594701747981,0.754380823019,0.74799651659,0.716636504202,0.618781123979,0.678158021805,0.776116729319,0.764657052781,0.762048064667,0.667052706216,0.587831790719,0.759441459387,0.612892597566,0.721617044097,0.806088515942,0.71716372074,0.755167040278,0.764003982281,0.611991633116,0.711825530343,0.749459459722,0.763037292436,0.570448314349,0.618073871765,0.634151997261,0.759197167966,0.732740015561,0.745915460656,0.558132202787,0.728216311376,0.738648622316,0.578754351961,0.670090209541,0.719754389899,0.597267894828,0.604900925722,0.737636968638,0.749191122069,0.747060773724,0.741710748442
Fec.G3.D14.Chloe,0.649898692361,0.611012191741,0.632948278349,0.664612853365,0.638185001472,0.5758057784,0.667635972148,0.625136962603,0.684697632541,0.0,0.601414548117,0.63325932035,0.635551120187,0.707764285615,0.633291282258,0.647804956185,0.617417302793,0.620601651588,0.644149375875,0.602017215412,0.656721902498,0.641403968768,0.657322533355,0.640961718082,0.637529436298,0.691102233118,0.677022186455,0.671175757638,0.702659090803,0.675425123188,0.637342791667,0.655409732707,0.623857088743,0.641012555334,0.695875361043,0.703605073626,0.662926582622,0.655733525306,0.65943318699,0.679736929488,0.621440311859,0.668250752503,0.651825779163,0.620798352115,0.649297395826,0.619822829855,0.723573687258,0.707112355735,0.701319604194,0.598163934506,0.664898455535,0.649588026692,0.672172911914,0.691468613987,0.73020094838,0.671840076951,0.685265909863,0.702002172837,0.68059784797,0.679216358268,0.667832523018,0.720644773693,0.65475456206,0.690532481558,0.605047756826,0.72376448799,0.696851044445,0.672470013742,0.690545250938,0.682623137812,0.675939402882,0.6919316221,0.694590380996,0.683935369004,0.662991414739,0.648138968374,0.666744172979,0.666505135006,0.686414231698,0.670546525653
Fec.G3.D14.Rex,0.670614557593,0.671137119823,0.67020463843,0.666402780705,0.673910421849,0.640213768689,0.682268485298,0.647210417542,0.68300316444,0.601414548117,0.0,0.688668345267,0.676030113834,0.723458670475,0.679960275521,0.665186082275,0.625191231018,0.653450139444,0.661883732586,0.609402790922,0.673022087499,0.661638067064,0.683395890818,0.689849750905,0.650371196792,0.688479781166,0.689459187908,0.687384258043,0.701860560553,0.704758606109,0.68301167588,0.689610004262,0.627735605963,0.657830989418,0.670436532811,0.704738583057,0.673744924703,0.695281636285,0.679249807458,0.706368631825,0.646694935867,0.68531086525,0.644478805349,0.669725278331,0.67204519822,0.629546735869,0.744041421912,0.722362992996,0.725094791362,0.629334364505,0.660326210738,0.651835628906,0.68458357509,0.708448750926,0.750595052831,0.67531604859,0.695744194682,0.701979080619,0.693311051278,0.706536811001,0.705296397396,0.719169341476,0.690217646233,0.711365126665,0.630586693254,0.72727340353,0.728384625643,0.688677470071,0.699662257802,0.679273663541,0.691991811787,0.70611931747,0.693054942417,0.720770591781,0.665430098055,0.687420482778,0.680011046861,0.708846408175,0.706065230847,0.680906747304
Fec.G2.D70.Leia,0.658566353798,0.648377122801,0.631918444602,0.67373910127,0.679320310764,0.662096099178,0.737081601392,0.704081488981,0.710377368846,0.63325932035,0.688668345267,0.0,0.625157939431,0.724960176293,0.687430134859,0.671503646166,0.680970558599,0.687102365607,0.693060323962,0.657536719464,0.713189885588,0.68993881202,0.66840507652,0.655197806215,0.664048328202,0.731495129275,0.676858836253,0.720195488452,0.712664631616,0.675247516881,0.640415808253,0.673078202817,0.688995255798,0.665536761491,0.700090158382,0.750288200788,0.679648393525,0.713853397201,0.661866263691,0.671017222485,0.700964962638,0.68201042655,0.675119586357,0.650375078906,0.705270717147,0.685781778059,0.724445879043,0.69586120212,0.700897992837,0.672358520645,0.712743717449,0.677116490056,0.688059123419,0.651589253689,0.727126238191,0.677428531987,0.722441901974,0.656162994828,0.739610705143,0.632759388871,0.66643052041,0.724842852969,0.700279808383,0.725932635307,0.647765263997,0.74373725183,0.697495935074,0.694765076861,0.731511571372,0.657690766524,0.687929443886,0.739681424732,0.706626323957,0.657907299232,0.703636122458,0.706586536761,0.69310107387,0.70928465102,0.697708996511,0.694331197182
Fec.G2.D84.Terra,0.663391441991,0.664615909311,0.63474515161,0.66249286498,0.682982339425,0.676792687439,0.730627379171,0.701134389744,0.741040789032,0.635551120187,0.676030113834,0.625157939431,0.0,0.695817826996,0.697208845347,0.661608592499,0.705385160656,0.701701538536,0.691988426428,0.632379780666,0.713599694962,0.697808174556,0.673670746168,0.699973013327,0.665327415525,0.721533935147,0.690369896675,0.72914341975,0.693807492743,0.660266303019,0.658131878326,0.642203273099,0.663346365248,0.681589549297,0.672922396714,0.757517231431,0.682700557409,0.719196884151,0.686186515414,0.672289475856,0.691253444135,0.666913865715,0.653172359593,0.656242265422,0.697989484544,0.688857814829,0.699226714393,0.68521865915,0.693476720546,0.647293768954,0.720934510198,0.650647592607,0.698230578644,0.6745815261,0.706551550561,0.692657453471,0.694100847846,0.68950065597,0.739842264731,0.681466944466,0.672352756268,0.714378355457,0.707133443049,0.719765880308,0.652966863839,0.722440896221,0.712575027837,0.653898720439,0.73586990983,0.687193413141,0.673148126304,0.746318903907,0.688011891461,0.664272501312,0.713240097906,0.710175142525,0.679634893053,0.697191892876,0.666044477633,0.679535579767
Fec.G3.D00.Bailey,0.71290854992,0.746753536615,0.677002568282,0.667935935876,0.711312610275,0.724967300595,0.78737554753,0.753486977782,0.754782718253,0.707764285615,0.723458670475,0.724960176293,0.695817826996,0.0,0.748379639781,0.66290889008,0.761877201394,0.747204822794,0.769412317609,0.726934440928,0.723591159348,0.765050272732,0.663832136241,0.710473654305,0.708267012578,0.723547656393,0.686746445465,0.729883295822,0.654120075672,0.649257125877,0.681914626927,0.619539453308,0.723573208937,0.768712135969,0.630276865173,0.760463450277,0.693460561856,0.724991946504,0.699440040294,0.680944413812,0.758564265937,0.600274050057,0.64272725429,0.669959537933,0.763532797089,0.750557390074,0.609252682704,0.600707067393,0.625487455095,0.74761722579,0.743147932512,0.653509842985,0.725856436256,0.687816260717,0.646651200056,0.723019021216,0.636305219599,0.657380352152,0.751371858732,0.669347726924,0.655514572197,0.640900304533,0.704903979026,0.725848341361,0.721888457831,0.586089067145,0.620956100365,0.60675050666,0.745785133519,0.661012759239,0.632398273835,0.745106802583,0.712427008305,0.712477186771,0.707028160797,0.766690719442,0.641941553951,0.642188437607,0.593420919589,0.636602867288
Fec.G3.D14.Ozzy,0.653220611489,0.640469747185,0.694706722283,0.677223425825,0.714215132376,0.588813537814,0.633814971519,0.569315458717,0.618463364184,0.633291282258,0.679960275521,0.687430134859,0.697208845347,0.748379639781,0.0,0.727091137511,0.586779443052,0.561698426296,0.54437319259,0.615535255853,0.609918679849,0.571702504108,0.691140797192,0.659648505137,0.677298684779,0.658715827675,0.675686110759,0.598398275962,0.74202611909,0.735658893453,0.645016583194,0.718281948707,0.610689470756,0.643546969659,0.716053069249,0.659064101046,0.732016702648,0.622190412236,0.720111373411,0.714182243237,0.575815258465,0.736871740821,0.723714618454,0.684791065509,0.621742084119,0.654671854118,0.778443470929,0.763670154271,0.752251074932,0.634937210037,0.620340415902,0.713878384553,0.658402816825,0.737066241336,0.783865212492,0.726613929085,0.723035521861,0.756910343267,0.670250158421,0.709353548675,0.701048426055,0.754913368369,0.612971704998,0.63981763167,0.599327868631,0.753582426627,0.720850024727,0.708428026129,0.617710222072,0.735017102583,0.737664429706,0.654803248118,0.710119991965,0.752833047375,0.684611129773,0.61002045312,0.711599878277,0.709219281666,0.753986171936,0.706871969715
Fec.G2.D42.Terra,0.688393587045,0.694430156121,0.618568638119,0.64686986569,0.671973902939,0.677241561123,0.759225996415,0.727371348979,0.757434361499,0.647804956185,0.665186082275,0.671503646166,0.661608592499,0.66290889008,0.727091137511,0.0,0.698452511211,0.699956095936,0.737539827769,0.657222075445,0.729413038443,0.712776597119,0.62551552623,0.695089466249,0.676451672936,0.744056479413,0.712412617651,0.736300267042,0.679386397801,0.623402139311,0.627656237564,0.626996126225,0.638999882232,0.702372303178,0.669922005065,0.769494638319,0.684850510446,0.730288487851,0.698454355284,0.693901140762,0.728178042888,0.619925675164,0.636034606742,0.644171414456,0.734727039034,0.708535095967,0.627270286918,0.657164850287,0.636256283605,0.697993769866,0.728542687718,0.640389592094,0.729114169383,0.679906817154,0.656563746094,0.711575809055,0.681820937873,0.674136331799,0.742026218294,0.666552290766,0.625021014523,0.695645757503,0.723539128021,0.738467772434,0.684552682294,0.685355734238,0.653086434132,0.621841563504,0.741673220691,0.657669625419,0.656373850163,0.754548369974,0.735654282897,0.708020087783,0.720759455148,0.733104017404,0.59901479441,0.628531826485,0.63351023731,0.62901459761
Fec.G3.D07.Que,0.658005861618,0.665208774026,0.674899667043,0.671663321303,0.716854193976,0.58271750657,0.669299135266,0.627810456065,0.631800476515,0.617417302793,0.625191231018,0.680970558599,0.705385160656,0.761877201394,0.586779443052,0.698452511211,0.0,0.583259303806,0.564736749296,0.616176316537,0.650587053166,0.612695463273,0.690614549561,0.624817450467,0.661119912634,0.673775339073,0.678019358823,0.667175604761,0.738792331595,0.731412432153,0.669155740242,0.719138377158,0.625357741897,0.616122098827,0.69740528816,0.67905365208,0.688448983948,0.645501109808,0.676536449986,0.699386760259,0.613726234692,0.712961779417,0.685576277275,0.671360037662,0.629773335608,0.647974716406,0.770087300277,0.757668408902,0.750582650729,0.647743193416,0.639209363279,0.700264986684,0.643598543215,0.723262126475,0.773024979374,0.685437508546,0.718252279866,0.743454163133,0.680833055888,0.710160076929,0.717531292603,0.734386458409,0.628009774614,0.659985634853,0.603523202539,0.750045301905,0.729096983805,0.731501537608,0.649168564541,0.704329698032,0.720685557689,0.645422030751,0.690487996475,0.72891762942,0.643639071944,0.619792236757,0.701932840385,0.710951813734,0.734192147887,0.707306496283
Fec.G3.D07.Rex,0.676189246089,0.652533646059,0.694443408356,0.655518573137,0.710099178084,0.579474983379,0.639877242461,0.573648384743,0.624302607712,0.620601651588,0.653450139444,0.687102365607,0.701701538536,0.747204822794,0.561698426296,0.699956095936,0.583259303806,0.0,0.560938344152,0.63243482076,0.5865886168,0.5826695569,0.681415883452,0.65119458719,0.684713050386,0.640185173641,0.684398562637,0.621011274587,0.737713522319,0.720111569612,0.645835327852,0.698939773043,0.611874775749,0.637221991302,0.699499695564,0.63142397359,0.701530207873,0.596111309169,0.675826685753,0.717130519017,0.581171754046,0.718242097931,0.709998748635,0.654905129734,0.583176265462,0.623355332116,0.762446610451,0.750320287226,0.744685460631,0.641754905213,0.644439344761,0.682839676462,0.643627611595,0.702680828804,0.774501830984,0.705809389448,0.706004018858,0.73651848904,0.646109211861,0.690668760072,0.696722397904,0.745502652096,0.557052552016,0.616717710206,0.573114980922,0.728703880191,0.716091215765,0.715750242485,0.592933328556,0.713731130723,0.721669092803,0.611011289012,0.671530292465,0.716415598646,0.662871489858,0.587138173256,0.685867436687,0.693066004071,0.728206664396,0.706035196803
Fec.G3.D07.Ozzy,0.664718749882,0.637827157118,0.70540247031,0.681659954744,0.719293357376,0.581041494498,0.647666295883,0.566502830153,0.61753347069,0.644149375875,0.661883732586,0.693060323962,0.691988426428,0.769412317609,0.54437319259,0.737539827769,0.564736749296,0.560938344152,0.0,0.61213957733,0.583631526259,0.580925960998,0.704231925386,0.626343983001,0.679684273065,0.646663045644,0.678243554654,0.602240832993,0.745626265349,0.738491921239,0.655597807155,0.722437728195,0.611723243768,0.615389875368,0.707367589445,0.623586908229,0.704486284202,0.609917582756,0.685598098407,0.699018802582,0.553575982053,0.724009853845,0.713682610147,0.684613563992,0.571745233695,0.626272932246,0.779437058236,0.77871632839,0.755319650933,0.625451467624,0.632865589884,0.706585242925,0.62018018706,0.7237002993,0.790460943226,0.682309989025,0.725237513389,0.75719017496,0.652723168574,0.713227589395,0.721747452144,0.7524678304,0.582174620802,0.61725486737,0.582161984889,0.761348309137,0.736980192134,0.725907566341,0.607034250413,0.736230725725,0.733543789642,0.610090059665,0.696359237989,0.738372332981,0.669909914689,0.565258802669,0.723136139252,0.725157340244,0.749454360027,0.706370481173
Fec.G2.D56.Terra,0.639803897078,0.644531325801,0.66994727992,0.652952964509,0.688025427582,0.616658126399,0.682486342116,0.618882988229,0.686368649035,0.602017215412,0.609402790922,0.657536719464,0.632379780666,0.726934440928,0.615535255853,0.657222075445,0.616176316537,0.63243482076,0.61213957733,0.0,0.660603334153,0.625857046738,0.682977969368,0.645139925278,0.641910929058,0.684107586,0.694051437878,0.677415560546,0.714137087319,0.695852210198,0.640936811172,0.687823337288,0.595057528073,0.607826640699,0.691164693603,0.688845747823,0.680499307284,0.669007837618,0.698932622469,0.692289121089,0.622654044835,0.682310255,0.619785931841,0.637085473502,0.652151266414,0.60695988742,0.728860082889,0.72508750578,0.712286877121,0.59921155513,0.654423050873,0.672941638537,0.6648557572,0.708618420131,0.739938151194,0.659133886044,0.702235366546,0.716498854523,0.694844827871,0.7014002053,0.692724099712,0.726615731639,0.660111079149,0.669672680137,0.628261975267,0.742414926948,0.715361609366,0.680040300843,0.681114002112,0.697745296659,0.68435898679,0.689450670148,0.677344129188,0.706065834848,0.673735317017,0.652015723481,0.676368800679,0.701901897813,0.698302793261,0.682736680363
Fec.G3.D07.Lexy,0.702946865284,0.667429366333,0.711717988435,0.663502645405,0.72926094011,0.599574145868,0.666808315739,0.598764407328,0.566660259032,0.656721902498,0.673022087499,0.713189885588,0.713599694962,0.723591159348,0.609918679849,0.729413038443,0.650587053166,0.5865886168,0.583631526259,0.660603334153,0.0,0.606789051662,0.706745034056,0.60282387447,0.688975637243,0.557061588055,0.654931987459,0.556596428193,0.755628313693,0.747014910406,0.664736035493,0.737542018926,0.675575798181,0.66667208047,0.72968234574,0.554654973112,0.674523199057,0.535193230223,0.665833365496,0.67574548829,0.59342869848,0.732256562153,0.728014880241,0.687060011346,0.599579434743,0.647922853858,0.753032270272,0.746517265809,0.728036056462,0.643465019859,0.595660552373,0.715184244038,0.591913750815,0.695039002566,0.768767290577,0.672715439131,0.735868472071,0.732139182176,0.594485531695,0.669359782252,0.719763671874,0.734891558611,0.537690717049,0.588641253267,0.626412501398,0.716593044803,0.698323688738,0.720146725001,0.54217591052,0.708623566813,0.69148620234,0.522876915848,0.641858945535,0.693390104916,0.587238218901,0.599941916653,0.719594706047,0.708596184178,0.724430131659,0.717084171398
Fec.G2.D56.Lady,0.656403036268,0.638277063063,0.70895419574,0.662334279819,0.707169508021,0.594877212751,0.613742572483,0.556095034718,0.575374485028,0.641403968768,0.661638067064,0.68993881202,0.697808174556,0.765050272732,0.571702504108,0.712776597119,0.612695463273,0.5826695569,0.580925960998,0.625857046738,0.606789051662,0.0,0.706287342868,0.657240982085,0.68122717173,0.638034571621,0.697580991391,0.57539646981,0.740845289314,0.733324464777,0.669313165736,0.725736848153,0.617794839409,0.590291469928,0.724473420169,0.647482826157,0.71995152111,0.603774420013,0.706434742622,0.714475790387,0.538118460909,0.721195685204,0.705518254725,0.667037677636,0.570929323383,0.611555897943,0.776440845565,0.776421892733,0.761913457892,0.625387540688,0.574593290063,0.727796194087,0.630431117922,0.746627211365,0.785833131072,0.718079759525,0.735113342703,0.762606847361,0.608344806006,0.718806289865,0.715902727372,0.758699001642,0.615257874471,0.610919307276,0.593591793825,0.766773049906,0.744619613494,0.720238619835,0.59325998291,0.733033260919,0.743426935133,0.610014880889,0.692286113604,0.721153810408,0.648667071355,0.552611444231,0.710767769517,0.722522692998,0.748853146635,0.705097918423
Fec.G3.D28.Ozzy,0.670889078599,0.701938198696,0.640641604572,0.634709120218,0.698733393948,0.674828274244,0.73987368241,0.696167492576,0.745701085825,0.657322533355,0.683395890818,0.66840507652,0.673670746168,0.663832136241,0.691140797192,0.62551552623,0.690614549561,0.681415883452,0.704231925386,0.682977969368,0.706745034056,0.706287342868,0.0,0.696101697028,0.675422332076,0.717692835183,0.700505106814,0.716638680075,0.6814403471,0.625786827714,0.577491296318,0.636843538365,0.654050450469,0.701560194114,0.654433604697,0.751852273038,0.702993663736,0.715409541087,0.697665099677,0.699143104314,0.690703344978,0.608529728062,0.644202222466,0.630336152987,0.694731646163,0.678926480834,0.632018573835,0.653322843336,0.64996699846,0.691442033981,0.715079954887,0.647851738581,0.728942108737,0.692596572173,0.68511968861,0.716863424856,0.662002861541,0.644945877345,0.726148295285,0.652507156577,0.623406691667,0.670297778307,0.689392267461,0.727282186676,0.656229102911,0.666216204932,0.622001557932,0.595310933766,0.726253960123,0.649373572308,0.630716479852,0.745765993215,0.721327438498,0.718601651272,0.72672470668,0.713174695136,0.602406243416,0.538108177435,0.650834087812,0.598226315477
Fec.G3.D42.Lexy,0.683608994523,0.67865813299,0.709883735947,0.676221985699,0.706852023928,0.63166849053,0.707589214282,0.655383654999,0.626715432432,0.640961718082,0.689849750905,0.655197806215,0.699973013327,0.710473654305,0.659648505137,0.695089466249,0.624817450467,0.65119458719,0.626343983001,0.645139925278,0.60282387447,0.657240982085,0.696101697028,0.0,0.676262172773,0.631473838821,0.613589091346,0.612099042761,0.736753330648,0.713378205858,0.656469766274,0.700957732049,0.69392164389,0.642508556795,0.713514351803,0.649831980229,0.638698032935,0.573912954333,0.614335261362,0.621907334826,0.660263191317,0.701757257823,0.688856699602,0.675560254631,0.659699514671,0.662094513366,0.73132896976,0.711224707378,0.693545927401,0.667343341673,0.645104871089,0.702898427022,0.614147230905,0.635816147849,0.745984327478,0.589100158075,0.725675784319,0.694690464985,0.626503782258,0.654319021154,0.705037094531,0.709965455579,0.576529387809,0.621173944344,0.62038043614,0.703231281996,0.664900562802,0.72096226685,0.644469244709,0.668956626312,0.670195630239,0.617698833565,0.642043215511,0.659801442619,0.646329828605,0.639533478441,0.711622120461,0.708652597182,0.699968449792,0.699445744982
Fec.G2.D70.Chase,0.607637639074,0.632112116484,0.634027080228,0.674440430297,0.682078026352,0.662837951573,0.68070842914,0.689897772768,0.713698625671,0.637529436298,0.650371196792,0.664048328202,0.665327415525,0.708267012578,0.677298684779,0.676451672936,0.661119912634,0.684713050386,0.679684273065,0.641910929058,0.688975637243,0.68122717173,0.675422332076,0.676262172773,0.0,0.719296426176,0.69718482997,0.719941682187,0.68333817263,0.688387079538,0.670534384043,0.670111903134,0.668282722495,0.64584994308,0.669554085154,0.734869430205,0.670748285564,0.720093848417,0.651904879636,0.673825319558,0.689473418379,0.655808711129,0.603234506286,0.613842774689,0.698947379531,0.677640374953,0.73369981085,0.709028320914,0.708898251868,0.647978399741,0.700585753745,0.664431486618,0.680732175588,0.708155747304,0.734244560662,0.661350831229,0.703951485416,0.693697198048,0.70977664503,0.68983816614,0.65650802604,0.712666460974,0.685310155216,0.712177960044,0.652353656938,0.714714497722,0.718930201611,0.67187343702,0.710639604298,0.686942695756,0.679651068976,0.719800029185,0.683923885527,0.669551243463,0.696934336177,0.685146991612,0.66030130254,0.688230180497,0.688482438172,0.67747526233
Fec.G3.D07.Hulk,0.723202963494,0.710088928746,0.717766187191,0.703312801375,0.757481722441,0.653384967767,0.684254050541,0.617380843945,0.616464190807,0.691102233118,0.688479781166,0.731495129275,0.721533935147,0.723547656393,0.658715827675,0.744056479413,0.673775339073,0.640185173641,0.646663045644,0.684107586,0.557061588055,0.638034571621,0.717692835183,0.631473838821,0.719296426176,0.0,0.677231024416,0.623171951723,0.757192610047,0.751562399974,0.714368972944,0.730691302706,0.673022608877,0.668019056009,0.72866517682,0.554702744491,0.667515454064,0.546022359481,0.648768655122,0.699539491441,0.583960176261,0.722304523439,0.726536052268,0.692387441358,0.61534911224,0.643076789603,0.754325241464,0.739418535652,0.745583109044,0.634500727399,0.636025110165,0.716875474824,0.629527163016,0.670584310358,0.781767867415,0.681811420705,0.746777500549,0.734566767442,0.581140701405,0.693239505142,0.721062738992,0.735189230611,0.574710121489,0.595697681569,0.662166954355,0.70544966119,0.709410595524,0.733780790151,0.587313128766,0.714274344258,0.680872154254,0.547970947996,0.62583471133,0.690010777962,0.585193257099,0.648262637266,0.719862006763,0.72299072379,0.724044981679,0.729359726359
Fec.G3.D28.Lexy,0.692841783978,0.691166705154,0.69533292316,0.684787949272,0.702797221439,0.654110690938,0.722622917564,0.705196931521,0.658548642816,0.677022186455,0.689459187908,0.676858836253,0.690369896675,0.686746445465,0.675686110759,0.712412617651,0.678019358823,0.684398562637,0.678243554654,0.694051437878,0.654931987459,0.697580991391,0.700505106814,0.613589091346,0.69718482997,0.677231024416,0.0,0.662335589708,0.715063812788,0.722238757411,0.685008700513,0.680131847323,0.689157377823,0.680660222165,0.702172068045,0.699557132421,0.678506769314,0.645711352428,0.663260737291,0.574868667765,0.693430281032,0.704956801731,0.707010805462,0.692213204936,0.708812160948,0.689827711067,0.730874109827,0.699541698315,0.690842270033,0.696241002164,0.677049126494,0.695381731188,0.648182696255,0.66080154461,0.74415176951,0.635521800508,0.699205514449,0.688414461825,0.682503571942,0.675819363263,0.703036785001,0.712608664489,0.634205180058,0.667255189727,0.640329964776,0.707982682851,0.652601715717,0.703904593408,0.660611472199,0.676515726435,0.678065680169,0.666563539571,0.673262062971,0.680647771268,0.669667746558,0.677254854644,0.712890662208,0.726537046266,0.68966105488,0.71062252748
Fec.G2.D49.Amos,0.717762446276,0.668416560375,0.735301249414,0.705559175715,0.736498593712,0.620487838041,0.661263010659,0.608319493587,0.55796097543,0.671175757638,0.687384258043,0.720195488452,0.72914341975,0.729883295822,0.598398275962,0.736300267042,0.667175604761,0.621011274587,0.602240832993,0.677415560546,0.556596428193,0.57539646981,0.716638680075,0.612099042761,0.719941682187,0.623171951723,0.662335589708,0.0,0.753539269121,0.757958695926,0.679418939468,0.742947775252,0.664393961718,0.659339475633,0.740794255601,0.648025815234,0.705373302811,0.539270349487,0.672009587624,0.692889850464,0.591943274681,0.741441902214,0.741532437471,0.72044406579,0.632299089675,0.66838580581,0.767323118936,0.75839157174,0.738599652479,0.667305289508,0.531251834129,0.741502927825,0.628248820492,0.715547736361,0.772245573171,0.688754793038,0.750227578558,0.744083207686,0.60457442173,0.677985735615,0.749488506052,0.768184767244,0.572682090156,0.616523617729,0.62380319336,0.747029055482,0.728103473476,0.742847905189,0.548327535562,0.698575853904,0.713296997679,0.580530157892,0.668307948819,0.70335827123,0.65028359087,0.617367765813,0.740259246473,0.736031387961,0.737029213829,0.735138655612
Fec.G3.D28.Rex,0.688219000503,0.713953039748,0.669591012783,0.675889915348,0.668746156369,0.729890719279,0.743351346991,0.735746306169,0.762550801506,0.702659090803,0.701860560553,0.712664631616,0.693807492743,0.654120075672,0.74202611909,0.679386397801,0.738792331595,0.737713522319,0.745626265349,0.714137087319,0.755628313693,0.740845289314,0.6814403471,0.736753330648,0.68333817263,0.757192610047,0.715063812788,0.753539269121,0.0,0.628660442811,0.690443191641,0.617158712001,0.707038085765,0.730473153645,0.615164390429,0.770262845748,0.700253089968,0.750324114211,0.71692191115,0.704702798259,0.739400443693,0.657926464081,0.642025547091,0.668076977469,0.73370504681,0.71859316504,0.689935766865,0.669561918075,0.705636587944,0.716991908652,0.73653888748,0.643781192086,0.743222508546,0.710252493393,0.701262827466,0.722584519514,0.625440244824,0.679700748792,0.749981820428,0.699585031893,0.682433739366,0.681333397657,0.738381610209,0.75032814119,0.715189892573,0.701960430162,0.695027040959,0.642640092163,0.76876032404,0.70160499731,0.700525400229,0.774620251635,0.734803925372,0.719552967457,0.748031912207,0.739011285107,0.680169247303,0.683778839237,0.655394751937,0.675195901393
Fec.G3.D00.Rex,0.684043289358,0.7043874044,0.647443903653,0.650901905529,0.699247283353,0.719823489063,0.748428117318,0.736428597823,0.767579452682,0.675425123188,0.704758606109,0.675247516881,0.660266303019,0.649257125877,0.735658893453,0.623402139311,0.731412432153,0.720111569612,0.738491921239,0.695852210198,0.747014910406,0.733324464777,0.625786827714,0.713378205858,0.688387079538,0.751562399974,0.722238757411,0.757958695926,0.628660442811,0.0,0.623374372475,0.605699666967,0.693349106766,0.725799593024,0.646132618379,0.772978118465,0.711886453512,0.755706147496,0.700871717579,0.713611787393,0.736374009692,0.609961119863,0.63972564186,0.647976319372,0.733537024307,0.721829207596,0.617092386987,0.644663474119,0.656795414399,0.704015942251,0.744380597905,0.634678075176,0.733424504292,0.697753166586,0.638530209053,0.717969449554,0.64751925756,0.663320111095,0.755435985167,0.678662533025,0.629361062192,0.683888396556,0.724929175084,0.748876635709,0.702576129761,0.67345995617,0.659353602447,0.586240769072,0.759174327642,0.675420696371,0.631641801656,0.770151231815,0.729641920155,0.71178847692,0.736092439018,0.746439561924,0.582956602972,0.618743556861,0.610973138953,0.614811340284
Fec.G3.D00.Ozzy,0.646460436034,0.664952336582,0.629111199845,0.648855794534,0.681579406967,0.647638382006,0.706230467768,0.671218365729,0.714529366622,0.637342791667,0.68301167588,0.640415808253,0.658131878326,0.681914626927,0.645016583194,0.627656237564,0.669155740242,0.645835327852,0.655597807155,0.640936811172,0.664736035493,0.669313165736,0.577491296318,0.656469766274,0.670534384043,0.714368972944,0.685008700513,0.679418939468,0.690443191641,0.623374372475,0.0,0.636450480278,0.650684998144,0.667477799165,0.669122241144,0.732509860733,0.697391796259,0.679744077175,0.699071591141,0.705690585913,0.67329593571,0.656932732448,0.661368081232,0.631499002171,0.680436899835,0.668031078314,0.684355176924,0.679535516909,0.686494716692,0.666075768911,0.686090961571,0.675257775644,0.68881849388,0.699151018024,0.703490742413,0.697477868737,0.671905536514,0.683493637702,0.714179702055,0.658000719996,0.64092438714,0.697520908718,0.67745756683,0.712853615357,0.626167706897,0.704779209905,0.675284862932,0.643438216174,0.704093414104,0.669530925287,0.658763913253,0.71278373653,0.723715554193,0.708212896139,0.721609418124,0.679535005021,0.632263779973,0.599957938923,0.662570728119,0.645390238237
Fec.G3.D42.Rex,0.661126933176,0.697139140372,0.614777687323,0.645082914355,0.64573381344,0.697515880781,0.758330987892,0.72478552721,0.764183344067,0.655409732707,0.689610004262,0.673078202817,0.642203273099,0.619539453308,0.718281948707,0.626996126225,0.719138377158,0.698939773043,0.722437728195,0.687823337288,0.737542018926,0.725736848153,0.636843538365,0.700957732049,0.670111903134,0.730691302706,0.680131847323,0.742947775252,0.617158712001,0.605699666967,0.636450480278,0.0,0.680276627744,0.720698917535,0.591873578377,0.763948388662,0.68644560517,0.732493790053,0.692353122326,0.663418353503,0.7167123139,0.611884750022,0.627091793116,0.632856617408,0.724166207819,0.702184535161,0.640467588656,0.617411379794,0.655270662194,0.711739312376,0.737379612515,0.581167725968,0.727827998892,0.673789145408,0.671344006857,0.700958479731,0.622547872963,0.622392973741,0.74423276765,0.656597425016,0.630087136873,0.662092694497,0.709229359969,0.730821653389,0.695759622345,0.671078216046,0.6613023533,0.602847372231,0.744929767301,0.67566191642,0.664199304792,0.752180755042,0.703794000735,0.692799000287,0.71806777356,0.733287904853,0.643978125681,0.627159102404,0.626974807166,0.661488354389
