	RS34.D0	RS34.D2	RS37.D5	RS35.D0	RS35.D2	RS38.D5	RS36.D0	RS36.D2	RS54.D5	RS38.D0	RS38.D2	RS35.D5	RS39.D0	RS39.D2	RS34.D5	RS45.D0	RS45.D2	RS45.D5.C	RS49.D0	RS49.D2	RS49.D5	RS51.D0	RS51.D2	RS51.D5	RS55.D0	RS55.D2	RS55.D5	RS31.D0	RS31.D2	RS31.D5	RS32.D0	RS32.D2	RS32.D5	RS33.D0	RS33.D2	RS33.D5	RS54.D0	RS54.D2	RS36.D5	RS40.D0	RS40.D2	RS40.D5	RS48.D0	RS48.D2	RS48.D5	RS50.D0	RS50.D2	RS50.D5
RS34.D0	0.0	0.579338900228	0.583683801399	0.571342503537	0.582660264189	0.579476461417	0.582745213782	0.567596616295	0.558749246237	0.572461553776	0.627481797741	0.589314602345	0.765263190545	0.575319972455	0.637750649241	0.57473176005	0.579401659876	0.600344462106	0.579825457079	0.593616965097	0.581023899638	0.586076275593	0.574222423109	0.569455037703	0.579528183783	0.574778299754	0.563086117617	0.581988375243	0.582595442122	0.584749676481	0.577248741039	0.57585388597	0.570047544224	0.57525023508	0.588394822454	0.569050738299	0.584366377525	0.577198582645	0.569529746106	0.574549116096	0.579888986593	0.58245887804	0.595807251545	0.598492968974	0.586625939237	0.595463650752	0.639542531539	0.599251911546
RS34.D2	0.579338900228	0.0	0.585067241444	0.596704363685	0.564369666486	0.561958029039	0.592423006616	0.560852375027	0.577292232411	0.593689010628	0.582233140655	0.579722449486	0.73164468128	0.579083437581	0.601483186549	0.579881193202	0.578973105338	0.585614733314	0.590563923214	0.596028153639	0.584714469799	0.59226002055	0.584534119272	0.570463345992	0.56326561231	0.584456494898	0.571756813056	0.599566773969	0.583436714566	0.576465767219	0.598005609464	0.569649003322	0.578707467957	0.579695821255	0.569321612821	0.579726996196	0.586176202571	0.586595405257	0.580411076755	0.577727872418	0.56803869005	0.596644596389	0.578378275917	0.588832489206	0.591002038269	0.577979855547	0.592415196466	0.596381617149
RS37.D5	0.583683801399	0.585067241444	0.0	0.554628931972	0.541945827624	0.5169560625	0.571185376359	0.552386756165	0.567143376458	0.578137791015	0.591706741932	0.58550805367	0.736163656756	0.575225041581	0.611916290785	0.577405032136	0.582663201664	0.573722228453	0.57249132967	0.561525455822	0.57293713954	0.58333182373	0.578563759477	0.571510631872	0.564567632509	0.569705947169	0.565156752788	0.584607076002	0.582050253511	0.569807197176	0.598133182146	0.566637765875	0.587682293038	0.585737344383	0.579325688961	0.571625594713	0.585375321761	0.591069673311	0.563736814806	0.580994004295	0.561576246069	0.568136475927	0.571910127524	0.578343570801	0.574183654478	0.594701596838	0.616329269174	0.61170721144
RS35.D0	0.571342503537	0.596704363685	0.554628931972	0.0	0.554815396475	0.549212571622	0.555086107803	0.553317215003	0.570679855363	0.559570798159	0.603845147354	0.588870241037	0.753929404513	0.577880590079	0.633369499134	0.568721486706	0.580032358352	0.579278448808	0.574306317797	0.588513376547	0.573191058241	0.587868338076	0.576451398333	0.578512858125	0.567356417444	0.559487929447	0.562141146747	0.568164185142	0.57742061028	0.562203664804	0.575350772353	0.558489677188	0.570730564011	0.577398677496	0.581663647893	0.560814889867	0.565350841317	0.579650311775	0.566807630248	0.570381736577	0.563314875906	0.570478685707	0.579334001785	0.589733953673	0.578483740179	0.58476695947	0.629031102119	0.603240257741
RS35.D2	0.582660264189	0.564369666486	0.541945827624	0.554815396475	0.0	0.542091714841	0.569219372405	0.554072279499	0.574553708652	0.578887009847	0.59358073919	0.57387550429	0.744309037265	0.576941102921	0.608788238482	0.582160663547	0.562065454795	0.582561970139	0.576468341243	0.573910829135	0.572359936864	0.584922323056	0.567061963476	0.567816321424	0.553377364719	0.579180406528	0.56456443295	0.587166135715	0.569409782628	0.569046246635	0.590572549866	0.561003637993	0.573319283947	0.586098345433	0.577297810214	0.572951074247	0.586503122814	0.571138305131	0.570209286016	0.566609706249	0.557258768476	0.583055380155	0.588337080898	0.573874001805	0.583001363288	0.583504942653	0.606698545558	0.600003378898
RS38.D5	0.579476461417	0.561958029039	0.5169560625	0.549212571622	0.542091714841	0.0	0.554962144861	0.540851561617	0.560478558354	0.565642866179	0.5782058376	0.567396479842	0.721577065703	0.569219556296	0.60744740288	0.565143677386	0.576277611374	0.568332810796	0.56376419017	0.566087128633	0.561371340116	0.579471122408	0.563073059237	0.563896994588	0.555135361843	0.562144272037	0.5544773963	0.583361937903	0.570933616304	0.564978049813	0.591826365194	0.563320737349	0.580661316455	0.579376949947	0.578517962989	0.562573446338	0.575969819586	0.592687280523	0.563037284658	0.571153290722	0.555866308357	0.569206739301	0.561810576507	0.58179657268	0.578021750951	0.582091953551	0.613339322596	0.609812481465
RS36.D0	0.582745213782	0.592423006616	0.571185376359	0.555086107803	0.569219372405	0.554962144861	0.0	0.55273965761	0.569842541268	0.569707902945	0.578084202595	0.590392387517	0.725527489917	0.584278829857	0.605992760987	0.571531763783	0.567374374904	0.553827872948	0.569997238199	0.575831935634	0.577175353616	0.58385272291	0.575026714444	0.578402736138	0.571149781569	0.570898759479	0.55855111	0.564663980502	0.565372062881	0.553220628087	0.578449896528	0.555399047654	0.562029184971	0.566628767538	0.564868762684	0.566621409382	0.566971681071	0.575932036408	0.575211805253	0.562283457655	0.562357166338	0.571295044652	0.558146219902	0.58143170172	0.577980643158	0.589857854496	0.608506922248	0.604662786129
RS36.D2	0.567596616295	0.560852375027	0.552386756165	0.553317215003	0.554072279499	0.540851561617	0.55273965761	0.0	0.542877731361	0.563962765771	0.591759087973	0.575336929093	0.733424004011	0.565810576149	0.608950387413	0.561378157979	0.572099594501	0.561707848493	0.572263888049	0.57373367091	0.566923129335	0.567081549974	0.56431003386	0.561057435674	0.548529675632	0.560397860299	0.553684811718	0.562195357589	0.55461944201	0.556492103258	0.572948285704	0.551803159906	0.559225365765	0.555508029604	0.569940852916	0.557740764001	0.576512348307	0.569612830641	0.56095239538	0.566394872843	0.540038036365	0.575760359673	0.571063706285	0.584432409089	0.563371187846	0.569297015275	0.598010442379	0.592990749274
RS54.D5	0.558749246237	0.577292232411	0.567143376458	0.570679855363	0.574553708652	0.560478558354	0.569842541268	0.542877731361	0.0	0.560836862405	0.607897870274	0.570215692389	0.753267486532	0.570600403728	0.63010861848	0.572358635967	0.575596010734	0.590224300871	0.573638462691	0.594392995776	0.571317160323	0.58462601341	0.571315130033	0.569559360739	0.570992074697	0.572519384753	0.554648126361	0.577309525118	0.57919324838	0.577618372706	0.576415469227	0.575698829422	0.572046720197	0.589036547399	0.584751821557	0.574772522445	0.571021995177	0.586565895676	0.570515580678	0.576810002419	0.564103499363	0.566401768319	0.5952620203	0.580296862629	0.580632012409	0.577077998668	0.623757405069	0.59728692189
RS38.D0	0.572461553776	0.593689010628	0.578137791015	0.559570798159	0.578887009847	0.565642866179	0.569707902945	0.563962765771	0.560836862405	0.0	0.597471609201	0.581583489849	0.763084327945	0.573123087611	0.637485635459	0.575841949615	0.570413001961	0.574185151456	0.573376445285	0.593841815201	0.569278640293	0.587085230317	0.568361452022	0.576099253155	0.570533909449	0.574661195292	0.558967411077	0.561856844447	0.574010410086	0.559786284225	0.572797762168	0.565346194601	0.569430703629	0.569734150876	0.592142311224	0.566180273953	0.569374256848	0.585107518795	0.575334805239	0.57755409197	0.570801919112	0.579016216908	0.581994937332	0.593378975615	0.578071501086	0.58654356695	0.631179163692	0.597383820628
RS38.D2	0.627481797741	0.582233140655	0.591706741932	0.603845147354	0.59358073919	0.5782058376	0.578084202595	0.591759087973	0.607897870274	0.597471609201	0.0	0.5815491965	0.701597356859	0.611514811928	0.57667539627	0.604261827795	0.574471871373	0.573359335703	0.604351457311	0.600122143635	0.602849176854	0.608384485508	0.595959758967	0.599683492045	0.591292037441	0.598495045163	0.580325040229	0.607301942106	0.598136908201	0.587686958502	0.617435238937	0.588704983076	0.607628188649	0.595971521565	0.589620662311	0.59972980545	0.61176230002	0.584963748992	0.622720990203	0.599658986973	0.574376955189	0.602944841648	0.588705947955	0.577259424625	0.598100360457	0.608081186951	0.579132068379	0.614993259556
RS35.D5	0.589314602345	0.579722449486	0.58550805367	0.588870241037	0.57387550429	0.567396479842	0.590392387517	0.575336929093	0.570215692389	0.581583489849	0.5815491965	0.0	0.74649438168	0.581576655107	0.610266925405	0.596095201785	0.580698831415	0.602875744612	0.596497450678	0.592307191237	0.578273712913	0.595798500247	0.58248714282	0.577694175404	0.583946825516	0.586338989992	0.575744039747	0.602300753559	0.586269581057	0.593022202347	0.594117205141	0.580486773939	0.59314918294	0.592569795604	0.594398346792	0.590293472129	0.59627360062	0.590174335646	0.594509904161	0.59084676434	0.570037399139	0.592637668203	0.605804731639	0.573056206468	0.587924701456	0.584339633625	0.626385168678	0.605735521353
RS39.D0	0.765263190545	0.73164468128	0.736163656756	0.753929404513	0.744309037265	0.721577065703	0.725527489917	0.733424004011	0.753267486532	0.763084327945	0.701597356859	0.74649438168	0.0	0.739770619345	0.651313675312	0.735282631309	0.742470031094	0.708954402688	0.755312304444	0.731523711655	0.746180575394	0.751183485794	0.749585854649	0.743184891115	0.723948509843	0.738533685658	0.721463062119	0.759685678041	0.746050027847	0.726917704723	0.767772594127	0.735572875605	0.751404566984	0.725785407068	0.716450285038	0.747365965962	0.75123139982	0.723678311501	0.744615684548	0.740891202966	0.724791454631	0.739672424471	0.704393911544	0.741620317489	0.745829821659	0.739274442356	0.669552477241	0.744184374386
RS39.D2	0.575319972455	0.579083437581	0.575225041581	0.577880590079	0.576941102921	0.569219556296	0.584278829857	0.565810576149	0.570600403728	0.573123087611	0.611514811928	0.581576655107	0.739770619345	0.0	0.615227341769	0.570849812024	0.581300551328	0.590723521333	0.568510253451	0.571264339911	0.581985532698	0.587379534662	0.576907086762	0.568774988429	0.550947084367	0.572765264409	0.557216284898	0.577593341204	0.576467250858	0.58031356365	0.58014462047	0.575474389661	0.580406078617	0.5672129512	0.569946760626	0.574256195205	0.573138340495	0.577177446643	0.563263114402	0.571137266648	0.560812691217	0.578692306512	0.571661651195	0.594466749003	0.580487186059	0.571494233876	0.613155215107	0.591262274127
RS34.D5	0.637750649241	0.601483186549	0.611916290785	0.633369499134	0.608788238482	0.60744740288	0.605992760987	0.608950387413	0.63010861848	0.637485635459	0.57667539627	0.610266925405	0.651313675312	0.615227341769	0.0	0.62050039527	0.601840516949	0.576527221975	0.629243402197	0.614239181863	0.622640528269	0.623854444615	0.622257263643	0.605602064327	0.600113568815	0.623817806215	0.588303186407	0.634040281451	0.609599350107	0.60360944246	0.64306369314	0.603530952407	0.625244678025	0.587614204933	0.561640593224	0.609839518554	0.625923616015	0.587175636529	0.620952519382	0.615428675318	0.597570484538	0.618066142904	0.592465870763	0.603764240348	0.603341882988	0.624421091804	0.569638038692	0.600700653599
RS45.D0	0.57473176005	0.579881193202	0.577405032136	0.568721486706	0.582160663547	0.565143677386	0.571531763783	0.561378157979	0.572358635967	0.575841949615	0.604261827795	0.596095201785	0.735282631309	0.570849812024	0.62050039527	0.0	0.555957476132	0.575175474893	0.562793541306	0.584572104657	0.579330605562	0.574054157765	0.570631480924	0.56906729802	0.555488845657	0.569983229651	0.556611734559	0.565200888099	0.574321435615	0.555409172572	0.576374565361	0.560176990895	0.571876305942	0.560259396363	0.576657876866	0.575673922812	0.565158972682	0.579680968899	0.573013548665	0.564510572002	0.557000052012	0.574103901855	0.567690407247	0.578412507438	0.572694955623	0.572585925851	0.612594248822	0.588681996125
RS45.D2	0.579401659876	0.578973105338	0.582663201664	0.580032358352	0.562065454795	0.576277611374	0.567374374904	0.572099594501	0.575596010734	0.570413001961	0.574471871373	0.580698831415	0.742470031094	0.581300551328	0.601840516949	0.555957476132	0.0	0.549666055218	0.572324000541	0.581368588327	0.581646434079	0.579818184522	0.570075289714	0.563839196573	0.564554323923	0.571386610303	0.563224034085	0.581298668294	0.572578471284	0.570793821304	0.580083978837	0.570480472775	0.57611637459	0.558483380349	0.570158782275	0.561787927694	0.582957823662	0.571778651215	0.578242207284	0.570958465012	0.563542270015	0.571909608327	0.581685127054	0.57563971335	0.571884704303	0.585885587591	0.589173711481	0.577763642558
RS45.D5.C	0.600344462106	0.585614733314	0.573722228453	0.579278448808	0.582561970139	0.568332810796	0.553827872948	0.561707848493	0.590224300871	0.574185151456	0.573359335703	0.602875744612	0.708954402688	0.590723521333	0.576527221975	0.575175474893	0.549666055218	0.0	0.588583500387	0.588618183233	0.579726360052	0.582309210811	0.591903429826	0.580080232895	0.56728379483	0.57049509368	0.547204843611	0.574288476265	0.570216201482	0.553041562695	0.594877504775	0.555992290547	0.564552046632	0.546418314763	0.565514534627	0.560845036804	0.564485089597	0.570549137257	0.578674427412	0.566824213414	0.561056253074	0.576945900559	0.572146205086	0.597925253265	0.572288055451	0.6043228863	0.585875534573	0.587362724838
RS49.D0	0.579825457079	0.590563923214	0.57249132967	0.574306317797	0.576468341243	0.56376419017	0.569997238199	0.572263888049	0.573638462691	0.573376445285	0.604351457311	0.596497450678	0.755312304444	0.568510253451	0.629243402197	0.562793541306	0.572324000541	0.588583500387	0.0	0.559167240154	0.557621903886	0.576017562404	0.570207791789	0.562026560989	0.574783658992	0.574551015809	0.550483435229	0.578313541111	0.577221200865	0.576350413866	0.584153319486	0.57364762198	0.577818790033	0.578639944377	0.582719185512	0.573296343778	0.579966323372	0.588974189416	0.574278058461	0.569090565729	0.560522755714	0.567249236817	0.58041537715	0.591813840688	0.570492883845	0.589005947131	0.62766435448	0.597384781774
RS49.D2	0.593616965097	0.596028153639	0.561525455822	0.588513376547	0.573910829135	0.566087128633	0.575831935634	0.57373367091	0.594392995776	0.593841815201	0.600122143635	0.592307191237	0.731523711655	0.571264339911	0.614239181863	0.584572104657	0.581368588327	0.588618183233	0.559167240154	0.0	0.573223261533	0.576237255697	0.578086980489	0.566965661246	0.576955147472	0.578591714123	0.569017933609	0.594237271447	0.576285025796	0.576416879596	0.609042396075	0.587278966755	0.585565942636	0.590183647073	0.580436890161	0.592066675861	0.590252330848	0.598553799644	0.578538565342	0.585072532235	0.570267417621	0.592991049468	0.570455724988	0.59845327765	0.580775778015	0.587074539656	0.625573181947	0.609072240221
RS49.D5	0.581023899638	0.584714469799	0.57293713954	0.573191058241	0.572359936864	0.561371340116	0.577175353616	0.566923129335	0.571317160323	0.569278640293	0.602849176854	0.578273712913	0.746180575394	0.581985532698	0.622640528269	0.579330605562	0.581646434079	0.579726360052	0.557621903886	0.573223261533	0.0	0.579368443847	0.570905185138	0.570027777871	0.564982316991	0.564152135674	0.557333675593	0.587169748187	0.583564428595	0.57774068722	0.589140097634	0.576574788082	0.589610826586	0.593117356242	0.589495709932	0.577014754311	0.590184887629	0.596014778554	0.588299294808	0.586180026749	0.566855460244	0.571447529333	0.5838024037	0.582080958105	0.576778691191	0.575964754343	0.624782024413	0.5941460374
RS51.D0	0.586076275593	0.59226002055	0.58333182373	0.587868338076	0.584922323056	0.579471122408	0.58385272291	0.567081549974	0.58462601341	0.587085230317	0.608384485508	0.595798500247	0.751183485794	0.587379534662	0.623854444615	0.574054157765	0.579818184522	0.582309210811	0.576017562404	0.576237255697	0.579368443847	0.0	0.581651349982	0.564495365273	0.567558392497	0.57116241619	0.574822437264	0.59232768697	0.564905701894	0.563418411665	0.60424784951	0.572912180099	0.588352251229	0.582552552635	0.588074071088	0.583816294507	0.5731763206	0.585009265696	0.596827966438	0.581899944952	0.575714753838	0.588210690576	0.58400315273	0.596226383115	0.578018474304	0.585802104568	0.625749139008	0.60699477134
RS51.D2	0.574222423109	0.584534119272	0.578563759477	0.576451398333	0.567061963476	0.563073059237	0.575026714444	0.56431003386	0.571315130033	0.568361452022	0.595959758967	0.58248714282	0.749585854649	0.576907086762	0.622257263643	0.570631480924	0.570075289714	0.591903429826	0.570207791789	0.578086980489	0.570905185138	0.581651349982	0.0	0.545178438711	0.55847157573	0.573616170203	0.555433162397	0.577398349094	0.570159871147	0.565948170891	0.579625134656	0.568556545843	0.58386194713	0.573639871852	0.584766252621	0.577191336633	0.580508384472	0.579384663334	0.571720713928	0.575624015284	0.561018919381	0.585780776536	0.576762243789	0.576345386307	0.572048391038	0.585567670919	0.615798932944	0.595101103769
RS51.D5	0.569455037703	0.570463345992	0.571510631872	0.578512858125	0.567816321424	0.563896994588	0.578402736138	0.561057435674	0.569559360739	0.576099253155	0.599683492045	0.577694175404	0.743184891115	0.568774988429	0.605602064327	0.56906729802	0.563839196573	0.580080232895	0.562026560989	0.566965661246	0.570027777871	0.564495365273	0.545178438711	0.0	0.558756358153	0.567825021284	0.555281518836	0.586069053083	0.56360896962	0.567773644082	0.588189980273	0.575304646487	0.583051463998	0.569886004136	0.57035091103	0.57701711569	0.581606910364	0.569801796109	0.572096802368	0.568386397944	0.559613945118	0.578453778303	0.579197430748	0.583029103499	0.558852649722	0.580501070211	0.616058529879	0.587389723383
RS55.D0	0.579528183783	0.56326561231	0.564567632509	0.567356417444	0.553377364719	0.555135361843	0.571149781569	0.548529675632	0.570992074697	0.570533909449	0.591292037441	0.583946825516	0.723948509843	0.550947084367	0.600113568815	0.555488845657	0.564554323923	0.56728379483	0.574783658992	0.576955147472	0.564982316991	0.567558392497	0.55847157573	0.558756358153	0.0	0.547321434714	0.536430540784	0.569225943446	0.568464802778	0.559416287814	0.578012892458	0.546405335389	0.565655540464	0.553076370286	0.569006010959	0.571654146141	0.558199527232	0.548530834007	0.56277987204	0.551865388372	0.541234412261	0.567188636329	0.558076017576	0.569052009018	0.574647154137	0.559822551767	0.579587727509	0.578832457263
RS55.D2	0.574778299754	0.584456494898	0.569705947169	0.559487929447	0.579180406528	0.562144272037	0.570898759479	0.560397860299	0.572519384753	0.574661195292	0.598495045163	0.586338989992	0.738533685658	0.572765264409	0.623817806215	0.569983229651	0.571386610303	0.57049509368	0.574551015809	0.578591714123	0.564152135674	0.57116241619	0.573616170203	0.567825021284	0.547321434714	0.0	0.537105457726	0.578535462123	0.57477118933	0.559832890648	0.582991143751	0.572312457983	0.574662845053	0.573668398786	0.591650210522	0.562750452204	0.568902552269	0.5752284747	0.571667933477	0.565779232305	0.55809567794	0.570345855426	0.572016732002	0.585592263987	0.576419969229	0.577030023762	0.616711250943	0.594734419941
RS55.D5	0.563086117617	0.571756813056	0.565156752788	0.562141146747	0.56456443295	0.5544773963	0.55855111	0.553684811718	0.554648126361	0.558967411077	0.580325040229	0.575744039747	0.721463062119	0.557216284898	0.588303186407	0.556611734559	0.563224034085	0.547204843611	0.550483435229	0.569017933609	0.557333675593	0.574822437264	0.555433162397	0.555281518836	0.536430540784	0.537105457726	0.0	0.560940135777	0.565515427744	0.550986186394	0.574864894901	0.550368250607	0.568432901369	0.551170434059	0.572477266577	0.556878289615	0.564594046592	0.559392498245	0.560521690774	0.559616896348	0.543190058758	0.551087137413	0.558571209889	0.567496582575	0.56891471297	0.566344412533	0.591728413107	0.57981502909
RS31.D0	0.581988375243	0.599566773969	0.584607076002	0.568164185142	0.587166135715	0.583361937903	0.564663980502	0.562195357589	0.577309525118	0.561856844447	0.607301942106	0.602300753559	0.759685678041	0.577593341204	0.634040281451	0.565200888099	0.581298668294	0.574288476265	0.578313541111	0.594237271447	0.587169748187	0.59232768697	0.577398349094	0.586069053083	0.569225943446	0.578535462123	0.560940135777	0.0	0.563794855666	0.556684773887	0.563725866237	0.552530875852	0.563357271286	0.570591552482	0.591065578874	0.562799693721	0.563832632749	0.588245777994	0.587586884772	0.577438911614	0.571029934415	0.589179271184	0.58105489823	0.587363034189	0.586262085532	0.58672671908	0.638763725635	0.603192977506
RS31.D2	0.582595442122	0.583436714566	0.582050253511	0.57742061028	0.569409782628	0.570933616304	0.565372062881	0.55461944201	0.57919324838	0.574010410086	0.598136908201	0.586269581057	0.746050027847	0.576467250858	0.609599350107	0.574321435615	0.572578471284	0.570216201482	0.577221200865	0.576285025796	0.583564428595	0.564905701894	0.570159871147	0.56360896962	0.568464802778	0.57477118933	0.565515427744	0.563794855666	0.0	0.54988284191	0.580556611177	0.559932130887	0.567716420607	0.558655518165	0.56206027221	0.569783679486	0.573535192786	0.570811355114	0.580720142683	0.569457516961	0.558533099823	0.584175755847	0.583219183611	0.591799734742	0.559709635379	0.580756125733	0.606248575097	0.584813252782
RS31.D5	0.584749676481	0.576465767219	0.569807197176	0.562203664804	0.569046246635	0.564978049813	0.553220628087	0.556492103258	0.577618372706	0.559786284225	0.587686958502	0.593022202347	0.726917704723	0.58031356365	0.60360944246	0.555409172572	0.570793821304	0.553041562695	0.576350413866	0.576416879596	0.57774068722	0.563418411665	0.565948170891	0.567773644082	0.559416287814	0.559832890648	0.550986186394	0.556684773887	0.54988284191	0.0	0.571178196279	0.547385555032	0.551700506358	0.555878593576	0.558667795249	0.549114502795	0.553412472941	0.573184709626	0.570031452338	0.547687790468	0.556900554389	0.576826266599	0.552537401711	0.581833821266	0.563717753591	0.572590313994	0.598929405872	0.588961029287
RS32.D0	0.577248741039	0.598005609464	0.598133182146	0.575350772353	0.590572549866	0.591826365194	0.578449896528	0.572948285704	0.576415469227	0.572797762168	0.617435238937	0.594117205141	0.767772594127	0.58014462047	0.64306369314	0.576374565361	0.580083978837	0.594877504775	0.584153319486	0.609042396075	0.589140097634	0.60424784951	0.579625134656	0.588189980273	0.578012892458	0.582991143751	0.574864894901	0.563725866237	0.580556611177	0.571178196279	0.0	0.569101290513	0.570240178734	0.571171647207	0.594750487192	0.573907686667	0.567759368875	0.59905948539	0.577382674975	0.578506925507	0.575429700499	0.591117294097	0.608121000478	0.58431379013	0.598696158126	0.590277872173	0.633377206636	0.596165148503
RS32.D2	0.57585388597	0.569649003322	0.566637765875	0.558489677188	0.561003637993	0.563320737349	0.555399047654	0.551803159906	0.575698829422	0.565346194601	0.588704983076	0.580486773939	0.735572875605	0.575474389661	0.603530952407	0.560176990895	0.570480472775	0.555992290547	0.57364762198	0.587278966755	0.576574788082	0.572912180099	0.568556545843	0.575304646487	0.546405335389	0.572312457983	0.550368250607	0.552530875852	0.559932130887	0.547385555032	0.569101290513	0.0	0.538145040312	0.547810423663	0.567102490467	0.557340771615	0.547693006397	0.556977052137	0.561307960414	0.547042105307	0.54899106225	0.57079562136	0.562813462324	0.574866426666	0.569763660643	0.584765502551	0.605490052548	0.588866706502
RS32.D5	0.570047544224	0.578707467957	0.587682293038	0.570730564011	0.573319283947	0.580661316455	0.562029184971	0.559225365765	0.572046720197	0.569430703629	0.607628188649	0.59314918294	0.751404566984	0.580406078617	0.625244678025	0.571876305942	0.57611637459	0.564552046632	0.577818790033	0.585565942636	0.589610826586	0.588352251229	0.58386194713	0.583051463998	0.565655540464	0.574662845053	0.568432901369	0.563357271286	0.567716420607	0.551700506358	0.570240178734	0.538145040312	0.0	0.556489192617	0.570279869846	0.560925650557	0.561430176742	0.577806988263	0.558876502088	0.561381762845	0.561790627431	0.576300706499	0.574830888951	0.576724541416	0.58047962969	0.583844286248	0.612915345779	0.597461989302
RS33.D0	0.57525023508	0.579695821255	0.585737344383	0.577398677496	0.586098345433	0.579376949947	0.566628767538	0.555508029604	0.589036547399	0.569734150876	0.595971521565	0.592569795604	0.725785407068	0.5672129512	0.587614204933	0.560259396363	0.558483380349	0.546418314763	0.578639944377	0.590183647073	0.593117356242	0.582552552635	0.573639871852	0.569886004136	0.553076370286	0.573668398786	0.551170434059	0.570591552482	0.558655518165	0.555878593576	0.571171647207	0.547810423663	0.556489192617	0.0	0.550355699367	0.5510520175	0.554119785846	0.544649467284	0.557096644726	0.565884930053	0.544833746092	0.578795442128	0.567674311736	0.598764113673	0.580903106722	0.585489031499	0.587579689399	0.573265570285
RS33.D2	0.588394822454	0.569321612821	0.579325688961	0.581663647893	0.577297810214	0.578517962989	0.564868762684	0.569940852916	0.584751821557	0.592142311224	0.589620662311	0.594398346792	0.716450285038	0.569946760626	0.561640593224	0.576657876866	0.570158782275	0.565514534627	0.582719185512	0.580436890161	0.589495709932	0.588074071088	0.584766252621	0.57035091103	0.569006010959	0.591650210522	0.572477266577	0.591065578874	0.56206027221	0.558667795249	0.594750487192	0.567102490467	0.570279869846	0.550355699367	0.0	0.553653030829	0.570226829657	0.550770191538	0.569193581597	0.570976127906	0.562886705929	0.592896002752	0.56790391178	0.585571906921	0.571044526261	0.583599777378	0.577252154098	0.559015853536
RS33.D5	0.569050738299	0.579726996196	0.571625594713	0.560814889867	0.572951074247	0.562573446338	0.566621409382	0.557740764001	0.574772522445	0.566180273953	0.59972980545	0.590293472129	0.747365965962	0.574256195205	0.609839518554	0.575673922812	0.561787927694	0.560845036804	0.573296343778	0.592066675861	0.577014754311	0.583816294507	0.577191336633	0.57701711569	0.571654146141	0.562750452204	0.556878289615	0.562799693721	0.569783679486	0.549114502795	0.573907686667	0.557340771615	0.560925650557	0.5510520175	0.553653030829	0.0	0.560198225555	0.561760201987	0.551406891271	0.56862906441	0.555512481846	0.576430043052	0.57230496596	0.58918994649	0.579878296836	0.590960836622	0.600586803103	0.575341121935
RS54.D0	0.584366377525	0.586176202571	0.585375321761	0.565350841317	0.586503122814	0.575969819586	0.566971681071	0.576512348307	0.571021995177	0.569374256848	0.61176230002	0.59627360062	0.75123139982	0.573138340495	0.625923616015	0.565158972682	0.582957823662	0.564485089597	0.579966323372	0.590252330848	0.590184887629	0.5731763206	0.580508384472	0.581606910364	0.558199527232	0.568902552269	0.564594046592	0.563832632749	0.573535192786	0.553412472941	0.567759368875	0.547693006397	0.561430176742	0.554119785846	0.570226829657	0.560198225555	0.0	0.562566081042	0.560706563806	0.563579929948	0.565842637658	0.590652348073	0.571290665857	0.587566677386	0.581048456769	0.594968059805	0.617788403973	0.591935661054
RS54.D2	0.577198582645	0.586595405257	0.591069673311	0.579650311775	0.571138305131	0.592687280523	0.575932036408	0.569612830641	0.586565895676	0.585107518795	0.584963748992	0.590174335646	0.723678311501	0.577177446643	0.587175636529	0.579680968899	0.571778651215	0.570549137257	0.588974189416	0.598553799644	0.596014778554	0.585009265696	0.579384663334	0.569801796109	0.548530834007	0.5752284747	0.559392498245	0.588245777994	0.570811355114	0.573184709626	0.59905948539	0.556977052137	0.577806988263	0.544649467284	0.550770191538	0.561760201987	0.562566081042	0.0	0.562658050907	0.565766162061	0.56160693412	0.590201041572	0.575709655537	0.592864455656	0.583703355092	0.580010810511	0.565747691829	0.560372505173
RS36.D5	0.569529746106	0.580411076755	0.563736814806	0.566807630248	0.570209286016	0.563037284658	0.575211805253	0.56095239538	0.570515580678	0.575334805239	0.622720990203	0.594509904161	0.744615684548	0.563263114402	0.620952519382	0.573013548665	0.578242207284	0.578674427412	0.574278058461	0.578538565342	0.588299294808	0.596827966438	0.571720713928	0.572096802368	0.56277987204	0.571667933477	0.560521690774	0.587586884772	0.580720142683	0.570031452338	0.577382674975	0.561307960414	0.558876502088	0.557096644726	0.569193581597	0.551406891271	0.560706563806	0.562658050907	0.0	0.564199197222	0.554067715718	0.582111058857	0.57806497193	0.592977090755	0.580516503491	0.583548699658	0.605109654366	0.582793303566
RS40.D0	0.574549116096	0.577727872418	0.580994004295	0.570381736577	0.566609706249	0.571153290722	0.562283457655	0.566394872843	0.576810002419	0.57755409197	0.599658986973	0.59084676434	0.740891202966	0.571137266648	0.615428675318	0.564510572002	0.570958465012	0.566824213414	0.569090565729	0.585072532235	0.586180026749	0.581899944952	0.575624015284	0.568386397944	0.551865388372	0.565779232305	0.559616896348	0.577438911614	0.569457516961	0.547687790468	0.578506925507	0.547042105307	0.561381762845	0.565884930053	0.570976127906	0.56862906441	0.563579929948	0.565766162061	0.564199197222	0.0	0.555645256027	0.579654190614	0.567664653904	0.585162581102	0.578771907912	0.570091077319	0.598057942473	0.584905013685
RS40.D2	0.579888986593	0.56803869005	0.561576246069	0.563314875906	0.557258768476	0.555866308357	0.562357166338	0.540038036365	0.564103499363	0.570801919112	0.574376955189	0.570037399139	0.724791454631	0.560812691217	0.597570484538	0.557000052012	0.563542270015	0.561056253074	0.560522755714	0.570267417621	0.566855460244	0.575714753838	0.561018919381	0.559613945118	0.541234412261	0.55809567794	0.543190058758	0.571029934415	0.558533099823	0.556900554389	0.575429700499	0.54899106225	0.561790627431	0.544833746092	0.562886705929	0.555512481846	0.565842637658	0.56160693412	0.554067715718	0.555645256027	0.0	0.555775274363	0.564964563652	0.571021754321	0.565861095628	0.557664954581	0.599042831446	0.569156337376
RS40.D5	0.58245887804	0.596644596389	0.568136475927	0.570478685707	0.583055380155	0.569206739301	0.571295044652	0.575760359673	0.566401768319	0.579016216908	0.602944841648	0.592637668203	0.739672424471	0.578692306512	0.618066142904	0.574103901855	0.571909608327	0.576945900559	0.567249236817	0.592991049468	0.571447529333	0.588210690576	0.585780776536	0.578453778303	0.567188636329	0.570345855426	0.551087137413	0.589179271184	0.584175755847	0.576826266599	0.591117294097	0.57079562136	0.576300706499	0.578795442128	0.592896002752	0.576430043052	0.590652348073	0.590201041572	0.582111058857	0.579654190614	0.555775274363	0.0	0.573622936589	0.585663702251	0.577279186159	0.582767031471	0.617205964338	0.5967416549
RS48.D0	0.595807251545	0.578378275917	0.571910127524	0.579334001785	0.588337080898	0.561810576507	0.558146219902	0.571063706285	0.5952620203	0.581994937332	0.588705947955	0.605804731639	0.704393911544	0.571661651195	0.592465870763	0.567690407247	0.581685127054	0.572146205086	0.58041537715	0.570455724988	0.5838024037	0.58400315273	0.576762243789	0.579197430748	0.558076017576	0.572016732002	0.558571209889	0.58105489823	0.583219183611	0.552537401711	0.608121000478	0.562813462324	0.574830888951	0.567674311736	0.56790391178	0.57230496596	0.571290665857	0.575709655537	0.57806497193	0.567664653904	0.564964563652	0.573622936589	0.0	0.58690496206	0.573130618533	0.575734537231	0.593352768967	0.600726248823
RS48.D2	0.598492968974	0.588832489206	0.578343570801	0.589733953673	0.573874001805	0.58179657268	0.58143170172	0.584432409089	0.580296862629	0.593378975615	0.577259424625	0.573056206468	0.741620317489	0.594466749003	0.603764240348	0.578412507438	0.57563971335	0.597925253265	0.591813840688	0.59845327765	0.582080958105	0.596226383115	0.576345386307	0.583029103499	0.569052009018	0.585592263987	0.567496582575	0.587363034189	0.591799734742	0.581833821266	0.58431379013	0.574866426666	0.576724541416	0.598764113673	0.585571906921	0.58918994649	0.587566677386	0.592864455656	0.592977090755	0.585162581102	0.571021754321	0.585663702251	0.58690496206	0.0	0.575231904685	0.588330242642	0.610270977159	0.590413713503
RS48.D5	0.586625939237	0.591002038269	0.574183654478	0.578483740179	0.583001363288	0.578021750951	0.577980643158	0.563371187846	0.580632012409	0.578071501086	0.598100360457	0.587924701456	0.745829821659	0.580487186059	0.603341882988	0.572694955623	0.571884704303	0.572288055451	0.570492883845	0.580775778015	0.576778691191	0.578018474304	0.572048391038	0.558852649722	0.574647154137	0.576419969229	0.56891471297	0.586262085532	0.559709635379	0.563717753591	0.598696158126	0.569763660643	0.58047962969	0.580903106722	0.571044526261	0.579878296836	0.581048456769	0.583703355092	0.580516503491	0.578771907912	0.565861095628	0.577279186159	0.573130618533	0.575231904685	0.0	0.578187774933	0.615602161452	0.588196297986
RS50.D0	0.595463650752	0.577979855547	0.594701596838	0.58476695947	0.583504942653	0.582091953551	0.589857854496	0.569297015275	0.577077998668	0.58654356695	0.608081186951	0.584339633625	0.739274442356	0.571494233876	0.624421091804	0.572585925851	0.585885587591	0.6043228863	0.589005947131	0.587074539656	0.575964754343	0.585802104568	0.585567670919	0.580501070211	0.559822551767	0.577030023762	0.566344412533	0.58672671908	0.580756125733	0.572590313994	0.590277872173	0.584765502551	0.583844286248	0.585489031499	0.583599777378	0.590960836622	0.594968059805	0.580010810511	0.583548699658	0.570091077319	0.557664954581	0.582767031471	0.575734537231	0.588330242642	0.578187774933	0.0	0.61028068447	0.579591012133
RS50.D2	0.639542531539	0.592415196466	0.616329269174	0.629031102119	0.606698545558	0.613339322596	0.608506922248	0.598010442379	0.623757405069	0.631179163692	0.579132068379	0.626385168678	0.669552477241	0.613155215107	0.569638038692	0.612594248822	0.589173711481	0.585875534573	0.62766435448	0.625573181947	0.624782024413	0.625749139008	0.615798932944	0.616058529879	0.579587727509	0.616711250943	0.591728413107	0.638763725635	0.606248575097	0.598929405872	0.633377206636	0.605490052548	0.612915345779	0.587579689399	0.577252154098	0.600586803103	0.617788403973	0.565747691829	0.605109654366	0.598057942473	0.599042831446	0.617205964338	0.593352768967	0.610270977159	0.615602161452	0.61028068447	0.0	0.590655802548
RS50.D5	0.599251911546	0.596381617149	0.61170721144	0.603240257741	0.600003378898	0.609812481465	0.604662786129	0.592990749274	0.59728692189	0.597383820628	0.614993259556	0.605735521353	0.744184374386	0.591262274127	0.600700653599	0.588681996125	0.577763642558	0.587362724838	0.597384781774	0.609072240221	0.5941460374	0.60699477134	0.595101103769	0.587389723383	0.578832457263	0.594734419941	0.57981502909	0.603192977506	0.584813252782	0.588961029287	0.596165148503	0.588866706502	0.597461989302	0.573265570285	0.559015853536	0.575341121935	0.591935661054	0.560372505173	0.582793303566	0.584905013685	0.569156337376	0.5967416549	0.600726248823	0.590413713503	0.588196297986	0.579591012133	0.590655802548	0.0